ASTAR 100%
ASTAR 1%
MCF 100%
MCF 1%
MCF 0.01%
CACTUS 100%
CACTUS 1%
ASTAR 100%


$ ./main.py all -k 16 -f parrot/od\ kuby/astar__dagger\=false__fraction\=1/0/test-parsed-preds.pkl -d 1 -n 1


LV_PredMarker
marker pred %: 7.5811001410437235


Rohatgi_LMarker
marker pred %: 7.5811001410437235


Rohatgi_LNonMarkerR[0.010000]
marker pred %: 7.5811001410437235
switch count: 22
pred_use: [(0, 109), (150, 688), (706, 973), (988, 1172), (1284, 1383), (1432, 1561), (1569, 1723), (1777, 2106), (2227, 2231), (2234, 2326), (2363, 2410), (2421, 2836)]
pred usage %: 83.46262341325811


Rohatgi_LNonMarkerD[0.010000]
marker pred %: 7.616361071932299
switch_count: 340
pred_use: [(0, 2), (3, 5), (6, 7), (9, 10), (11, 14), (18, 21), (22, 27), (29, 31), (32, 33), (34, 35), (37, 38), (40, 43), (47, 53), (58, 61), (63, 66), (68, 69), (71, 73), (74, 76), (77, 79), (80, 81), (83, 84), (85, 86), (87, 89), (90, 91), (92, 93), (94, 95), (96, 97), (98, 99), (101, 102), (103, 104), (106, 107), (108, 109), (111, 112), (113, 114), (115, 117), (118, 119), (120, 121), (122, 124), (125, 126), (127, 128), (130, 131), (132, 134), (135, 136), (138, 139), (140, 142), (143, 144), (146, 147), (149, 152), (154, 155), (157, 158), (160, 161), (163, 164), (166, 168), (169, 171), (173, 174), (176, 178), (179, 181), (183, 185), (187, 188), (190, 192), (194, 196), (198, 200), (202, 204), (206, 208), (210, 212), (214, 216), (219, 221), (223, 225), (228, 230), (232, 234), (237, 239), (241, 244), (246, 248), (251, 253), (256, 258), (261, 263), (267, 271), (273, 276), (278, 281), (284, 287), (289, 292), (295, 298), (301, 304), (307, 310), (313, 316), (319, 322), (325, 329), (334, 337), (341, 344), (348, 352), (355, 359), (361, 366), (369, 374), (377, 381), (384, 389), (392, 396), (399, 404), (407, 412), (415, 420), (423, 428), (431, 437), (440, 445), (449, 454), (458, 464), (467, 473), (476, 482), (486, 491), (495, 502), (506, 515), (517, 525), (527, 535), (537, 545), (548, 556), (558, 567), (569, 580), (582, 591), (594, 603), (605, 614), (617, 626), (630, 638), (643, 651), (655, 664), (668, 676), (681, 690), (694, 703), (708, 717), (722, 731), (736, 745), (750, 760), (765, 775), (780, 792), (799, 808), (814, 824), (830, 842), (846, 859), (864, 876), (881, 894), (898, 911), (916, 929), (934, 947), (952, 965), (971, 986), (992, 1009), (1011, 1028), (1031, 1048), (1052, 1069), (1072, 1093), (1094, 1114), (1116, 1137), (1139, 1159), (1161, 1184), (1189, 1208), (1212, 1232), (1237, 1256), (1261, 1280), (1286, 1309), (1311, 1335), (1337, 1361), (1363, 1389), (1392, 1416), (1419, 1445), (1447, 1473), (1475, 1534), (1535, 1564), (1565, 1595), (1596, 1626), (1627, 1659), (1660, 1691), (1693, 1725), (1726, 1759), (1760, 2836)]
pred usage %: 84.16784203102962


Wei_BlindOracleR[0.010000]
switch count: 156
pred_use: [(0, 100), (102, 150), (162, 218), (222, 265), (273, 484), (492, 497), (499, 556), (568, 578), (589, 605), (610, 638), (639, 783), (784, 788), (789, 851), (856, 973), (975, 979), (983, 984), (989, 990), (992, 994), (995, 1010), (1027, 1074), (1083, 1093), (1095, 1123), (1130, 1173), (1176, 1180), (1182, 1187), (1188, 1281), (1283, 1285), (1289, 1301), (1323, 1334), (1341, 1366), (1367, 1368), (1373, 1472), (1473, 1482), (1484, 1485), (1488, 1492), (1493, 1557), (1562, 1570), (1572, 1644), (1646, 1662), (1663, 1718), (1721, 1725), (1726, 1734), (1735, 1773), (1775, 1781), (1782, 1797), (1801, 1807), (1825, 1909), (1910, 1915), (1916, 1918), (1923, 1934), (1935, 1985), (1986, 1987), (1989, 1991), (1996, 2046), (2048, 2094), (2096, 2104), (2105, 2106), (2108, 2119), (2123, 2225), (2229, 2231), (2244, 2259), (2261, 2281), (2291, 2326), (2328, 2334), (2337, 2339), (2343, 2379), (2383, 2389), (2396, 2408), (2411, 2472), (2477, 2519), (2521, 2605), (2611, 2651), (2658, 2721), (2731, 2737), (2742, 2757), (2758, 2759), (2764, 2789), (2791, 2809), (2813, 2836)]
pred usage %: 87.97602256699577


Wei_BlindOracleD[0.010000]
switch_count: 24
pred_use: [(0, 2), (3, 5), (6, 7), (9, 10), (11, 14), (18, 21), (22, 27), (29, 31), (32, 33), (34, 35), (37, 38), (40, 43), (46, 2836)]
pred usage %: 99.25952045133991


ACEPS_TrustDoubt
pred usage %: 74.26144756277695


ACEPS_RobustFollowR[0.010000]
switch count: 120
pred_use: [(0, 0), (46, 222), (223, 268), (270, 373), (384, 465), (483, 549), (550, 601), (604, 631), (636, 741), (750, 817), (819, 944), (957, 958), (967, 995), (1006, 1093), (1097, 1119), (1121, 1148), (1156, 1201), (1204, 1218), (1228, 1290), (1296, 1325), (1330, 1345), (1359, 1425), (1426, 1453), (1467, 1472), (1475, 1478), (1481, 1536), (1542, 1585), (1587, 1636), (1639, 1676), (1684, 1710), (1712, 1773), (1776, 1788), (1792, 1801), (1810, 1878), (1881, 1904), (1905, 1933), (1941, 2078), (2084, 2086), (2091, 2105), (2108, 2145), (2146, 2162), (2163, 2165), (2166, 2169), (2170, 2238), (2240, 2279), (2280, 2335), (2337, 2342), (2345, 2390), (2392, 2451), (2461, 2466), (2467, 2479), (2484, 2532), (2535, 2591), (2592, 2632), (2634, 2695), (2696, 2697), (2700, 2734), (2744, 2762), (2764, 2788), (2789, 2814), (2831, 2836)]
pred usage %: 88.11706629055007


ACEPS_RobustFollowD[0.010000]
switch_count: 24
pred_use: [(0, 2), (3, 5), (6, 7), (9, 10), (11, 14), (18, 21), (22, 27), (29, 31), (32, 33), (34, 35), (37, 38), (40, 43), (46, 2836)]
pred usage %: 99.25952045133991


###################################################################################################################
[1974 2789 2712 2778 2717 2155 2160 2752 2755 2752 2750 2449 2174 2707
 2364 2162]
1974


Maximum std dev among runs: 0.00000
Total competitive ratio (k=16):
                                      OPT: 1.000 0.304
                                      LRU: 1.413 0.017
                               OPTMarking: 1.374 0.044
                                   Marker: 1.407 0.020
                                     Rand: 1.376 0.042
                              ParrotCache: 1.092 0.240
                   FollowPredS+ParrotNext: 1.094 0.238
                 LV_PredMarker+ParrotNext: 1.394 0.030
               Rohatgi_LMarker+ParrotNext: 1.396 0.029
 Rohatgi_LNonMarkerR[0.010000]+ParrotNext: 1.394 0.030
 Rohatgi_LNonMarkerD[0.010000]+ParrotNext: 1.393 0.030
    Wei_BlindOracleR[0.010000]+ParrotNext: 1.241 0.136
    Wei_BlindOracleD[0.010000]+ParrotNext: 1.101 0.233
             ACEPS_TrustDoubt+ParrotCache: 1.371 0.045
ACEPS_RobustFollowR[0.010000]+ParrotCache: 1.198 0.166
ACEPS_RobustFollowD[0.010000]+ParrotCache: 1.095 0.238




ASTAR 1%




$ ./main.py all -k 16 -f parrot/od\ kuby/astar__dagger\=false__fraction\=0.01/0/test-parsed-preds.pkl -d 1 -n 1


LV_PredMarker
marker pred %: 15.162200282087447


Rohatgi_LMarker
marker pred %: 15.162200282087447


Rohatgi_LNonMarkerR[0.010000]
marker pred %: 15.162200282087447
switch count: 24
pred_use: [(0, 0), (109, 221), (342, 627), (706, 786), (815, 980), (989, 1172), (1180, 1287), (1288, 1350), (1382, 1477), (1569, 1656), (1797, 2231), (2244, 2410), (2569, 2836)]
pred usage %: 72.03808180535967


Rohatgi_LNonMarkerD[0.010000]
marker pred %: 15.091678420310297
switch_count: 359
pred_use: [(0, 2), (3, 5), (6, 7), (9, 10), (11, 14), (18, 21), (22, 27), (29, 31), (32, 33), (34, 35), (37, 38), (40, 43), (47, 53), (58, 61), (63, 66), (68, 69), (71, 73), (74, 76), (77, 79), (80, 81), (83, 84), (85, 86), (87, 89), (90, 91), (92, 93), (94, 95), (96, 97), (98, 99), (101, 102), (103, 104), (106, 107), (108, 129), (130, 137), (138, 145), (146, 148), (149, 153), (154, 156), (157, 159), (160, 162), (163, 165), (166, 172), (173, 175), (176, 182), (183, 186), (187, 189), (190, 193), (194, 197), (198, 201), (202, 205), (206, 209), (210, 213), (214, 217), (219, 222), (223, 226), (228, 231), (232, 235), (237, 240), (241, 245), (246, 249), (251, 254), (256, 259), (261, 264), (266, 270), (272, 275), (278, 280), (284, 286), (289, 291), (295, 297), (301, 303), (307, 309), (313, 315), (319, 321), (325, 327), (340, 341), (347, 350), (354, 357), (360, 364), (368, 371), (376, 379), (383, 387), (391, 394), (398, 402), (406, 410), (414, 418), (422, 426), (430, 435), (439, 443), (447, 452), (456, 463), (465, 472), (474, 481), (484, 490), (493, 501), (504, 513), (516, 523), (526, 533), (536, 543), (547, 554), (557, 565), (568, 577), (581, 589), (593, 601), (604, 612), (616, 624), (628, 636), (641, 649), (653, 662), (666, 674), (679, 688), (692, 701), (706, 716), (720, 730), (734, 744), (748, 759), (763, 774), (778, 790), (795, 806), (811, 823), (827, 840), (843, 857), (861, 874), (878, 892), (895, 909), (913, 927), (931, 945), (949, 963), (968, 984), (989, 1006), (1008, 1025), (1028, 1045), (1049, 1066), (1069, 1089), (1091, 1111), (1113, 1134), (1135, 1156), (1157, 1179), (1185, 1204), (1208, 1229), (1234, 1253), (1258, 1277), (1283, 1306), (1309, 1332), (1335, 1358), (1361, 1386), (1389, 1413), (1416, 1442), (1444, 1470), (1472, 1501), (1503, 1530), (1533, 1560), (1563, 1591), (1594, 1622), (1625, 1654), (1659, 1687), (1692, 1720), (1725, 1754), (1759, 1790), (1796, 1826), (1831, 1862), (1867, 1900), (1904, 1940), (1945, 1978), (1983, 2017), (2022, 2057), (2062, 2100), (2104, 2142), (2147, 2185), (2189, 2229), (2234, 2273), (2278, 2319), (2323, 2369), (2372, 2417), (2421, 2466), (2468, 2514), (2517, 2564), (2568, 2617), (2620, 2669), (2672, 2723), (2726, 2778), (2781, 2834)]
pred usage %: 80.8885754583921


Wei_BlindOracleR[0.010000]
switch count: 141
pred_use: [(0, 0), (46, 105), (106, 150), (154, 218), (219, 265), (268, 327), (329, 372), (376, 543), (550, 578), (579, 607), (619, 646), (650, 752), (757, 788), (789, 914), (916, 968), (971, 975), (978, 1074), (1075, 1168), (1178, 1185), (1186, 1191), (1192, 1236), (1245, 1264), (1277, 1346), (1354, 1366), (1370, 1388), (1392, 1461), (1468, 1477), (1489, 1533), (1537, 1593), (1602, 1619), (1621, 1656), (1662, 1718), (1724, 1728), (1729, 1735), (1738, 1777), (1778, 1809), (1811, 1927), (1931, 1941), (1942, 1955), (1969, 1985), (1989, 2041), (2045, 2061), (2073, 2090), (2096, 2148), (2151, 2227), (2230, 2231), (2235, 2279), (2280, 2307), (2311, 2334), (2335, 2337), (2338, 2365), (2380, 2381), (2383, 2387), (2392, 2410), (2411, 2451), (2454, 2457), (2458, 2500), (2509, 2519), (2520, 2523), (2524, 2544), (2547, 2592), (2605, 2607), (2612, 2622), (2623, 2651), (2654, 2680), (2686, 2737), (2738, 2743), (2746, 2751), (2752, 2757), (2764, 2788), (2789, 2835)]
pred usage %: 87.72919605077574


Wei_BlindOracleD[0.010000]
switch_count: 24
pred_use: [(0, 2), (3, 5), (6, 7), (9, 10), (11, 14), (18, 21), (22, 27), (29, 31), (32, 33), (34, 35), (37, 38), (40, 43), (46, 2836)]
pred usage %: 99.25952045133991


ACEPS_TrustDoubt
pred usage %: 74.38046647230321


ACEPS_RobustFollowR[0.010000]
switch count: 102
pred_use: [(0, 100), (114, 150), (159, 218), (224, 285), (287, 327), (333, 543), (548, 575), (582, 656), (661, 744), (746, 786), (787, 788), (798, 851), (860, 890), (902, 975), (978, 980), (988, 1003), (1005, 1046), (1073, 1074), (1080, 1089), (1090, 1318), (1327, 1344), (1359, 1360), (1374, 1375), (1377, 1385), (1386, 1484), (1487, 1644), (1646, 1654), (1655, 1656), (1657, 1727), (1730, 1777), (1787, 1851), (1857, 1898), (1903, 1969), (1976, 1985), (1999, 2002), (2004, 2041), (2045, 2078), (2079, 2093), (2096, 2121), (2123, 2170), (2176, 2252), (2262, 2334), (2340, 2420), (2421, 2433), (2436, 2510), (2512, 2522), (2531, 2619), (2622, 2694), (2695, 2704), (2727, 2809), (2825, 2831), (2834, 2836)]
pred usage %: 88.61071932299012


ACEPS_RobustFollowD[0.010000]
switch_count: 28
pred_use: [(0, 2), (3, 5), (6, 7), (9, 10), (11, 14), (18, 21), (22, 27), (29, 31), (32, 33), (34, 35), (37, 38), (40, 43), (47, 53), (58, 61), (63, 2836)]
pred usage %: 98.97743300423132


###################################################################################################################
[1974 2789 2712 2787 2715 2310 2212 2768 2767 2756 2771 2476 2226 2729
 2494 2318]
1974


Maximum std dev among runs: 0.00000
Total competitive ratio (k=16):
                                      OPT: 1.000 0.304
                                      LRU: 1.413 0.017
                               OPTMarking: 1.374 0.044
                                   Marker: 1.412 0.017
                                     Rand: 1.375 0.043
                              ParrotCache: 1.170 0.185
                   FollowPredS+ParrotNext: 1.121 0.220
                 LV_PredMarker+ParrotNext: 1.402 0.024
               Rohatgi_LMarker+ParrotNext: 1.402 0.024
 Rohatgi_LNonMarkerR[0.010000]+ParrotNext: 1.396 0.028
 Rohatgi_LNonMarkerD[0.010000]+ParrotNext: 1.404 0.023
    Wei_BlindOracleR[0.010000]+ParrotNext: 1.254 0.127
    Wei_BlindOracleD[0.010000]+ParrotNext: 1.128 0.215
             ACEPS_TrustDoubt+ParrotCache: 1.382 0.038
ACEPS_RobustFollowR[0.010000]+ParrotCache: 1.263 0.121
ACEPS_RobustFollowD[0.010000]+ParrotCache: 1.174 0.183




MCF 100%


$ ./main.py all -k 16 -f parrot/od\ kuby/mcf__dagger\=false__fraction\=1/0/test-parsed-preds.pkl -d 1 -n 1


LV_PredMarker
marker pred %: 6.7272115708039015


Rohatgi_LMarker
marker pred %: 6.7272115708039015


Rohatgi_LNonMarkerR[0.010000]
marker pred %: 6.82811974436596
switch count: 213
pred_use: [(0, 251), (340, 357), (363, 640), (643, 668), (689, 878), (883, 884), (893, 919), (921, 965), (1030, 1357), (1397, 1555), (1557, 1717), (1720, 1945), (1947, 1993), (1994, 2007), (2010, 2014), (2023, 2405), (2416, 2468), (2474, 2503), (2513, 2810), (2828, 2830), (2836, 2844), (2845, 2936), (2938, 3057), (3070, 3121), (3124, 3215), (3218, 3235), (3236, 3242), (3245, 3251), (3253, 3267), (3268, 3291), (3329, 3369), (3375, 3377), (3381, 3407), (3426, 3568), (3578, 3627), (3629, 3724), (3747, 3767), (3773, 3810), (3811, 3829), (3831, 3847), (3848, 3919), (3921, 3935), (3949, 4036), (4040, 4042), (4044, 4045), (4111, 4115), (4117, 4119), (4122, 4124), (4127, 4128), (4147, 4152), (4173, 4221), (4227, 4314), (4320, 4399), (4419, 4451), (4454, 4480), (4495, 4551), (4553, 4570), (4576, 4597), (4609, 4614), (4617, 4632), (4634, 4641), (4645, 4661), (4662, 4665), (4666, 4730), (4732, 4734), (4738, 4742), (4744, 4747), (4749, 4822), (4826, 4829), (4833, 4838), (4842, 4844), (4846, 5047), (5048, 5082), (5083, 5183), (5195, 5219), (5232, 5253), (5268, 5292), (5303, 5329), (5334, 5336), (5338, 5341), (5344, 5351), (5355, 5398), (5416, 5429), (5431, 5435), (5441, 5447), (5454, 5457), (5459, 5493), (5506, 5527), (5535, 5536), (5540, 5542), (5545, 5548), (5553, 5555), (5558, 5564), (5567, 5570), (5573, 5579), (5581, 5607), (5615, 5622), (5625, 5630), (5633, 5676), (5680, 5690), (5693, 5705), (5707, 5710), (5715, 5717), (5725, 5758), (5761, 5851), (5860, 5862), (5874, 5911)]
pred usage %: 84.2919609821729


Rohatgi_LNonMarkerD[0.010000]
marker pred %: 6.760847628657921
switch_count: 12
pred_use: [(0, 2), (3, 5), (6, 7), (9, 10), (11, 16), (22, 25), (26, 5946)]
pred usage %: 99.79818365287588


Wei_BlindOracleR[0.010000]
switch count: 576
pred_use: [(0, 253), (256, 333), (336, 337), (341, 370), (371, 428), (432, 531), (535, 541), (546, 560), (572, 577), (589, 594), (606, 710), (713, 742), (753, 754), (762, 768), (769, 914), (918, 927), (939, 941), (946, 960), (965, 966), (973, 979), (981, 998), (1008, 1021), (1036, 1038), (1042, 1049), (1057, 1058), (1062, 1064), (1074, 1079), (1082, 1086), (1093, 1095), (1096, 1098), (1099, 1101), (1104, 1106), (1119, 1126), (1131, 1134), (1138, 1140), (1141, 1144), (1146, 1158), (1159, 1170), (1181, 1191), (1192, 1196), (1206, 1216), (1219, 1226), (1232, 1254), (1257, 1271), (1293, 1303), (1310, 1334), (1339, 1356), (1357, 1362), (1363, 1371), (1372, 1382), (1391, 1445), (1447, 1469), (1471, 1486), (1487, 1490), (1493, 1526), (1533, 1535), (1537, 1557), (1573, 1617), (1635, 1644), (1647, 1679), (1680, 1691), (1692, 1705), (1708, 1717), (1728, 1734), (1748, 1751), (1761, 1768), (1770, 1782), (1783, 1784), (1789, 1793), (1797, 1799), (1811, 1814), (1820, 1823), (1844, 1847), (1848, 1897), (1899, 1911), (1913, 1930), (1939, 1946), (1947, 2019), (2022, 2074), (2077, 2078), (2080, 2085), (2087, 2088), (2090, 2095), (2097, 2155), (2163, 2201), (2221, 2253), (2257, 2260), (2261, 2330), (2334, 2348), (2349, 2357), (2359, 2364), (2366, 2367), (2379, 2384), (2385, 2398), (2402, 2406), (2408, 2410), (2414, 2416), (2419, 2427), (2430, 2436), (2458, 2459), (2464, 2466), (2468, 2474), (2480, 2483), (2490, 2491), (2495, 2529), (2535, 2549), (2552, 2553), (2560, 2564), (2575, 2581), (2586, 2591), (2596, 2602), (2638, 2662), (2668, 2669), (2679, 2685), (2691, 2694), (2697, 2707), (2711, 2712), (2729, 2733), (2747, 2750), (2751, 2756), (2759, 2768), (2774, 2780), (2783, 2791), (2810, 2812), (2816, 2817), (2828, 2846), (2858, 2880), (2884, 2887), (2904, 2905), (2910, 2952), (2965, 2974), (2978, 2988), (2998, 3020), (3032, 3033), (3037, 3039), (3040, 3043), (3044, 3049), (3056, 3065), (3071, 3091), (3104, 3105), (3107, 3128), (3130, 3133), (3134, 3136), (3137, 3148), (3150, 3157), (3162, 3188), (3191, 3195), (3205, 3209), (3210, 3217), (3218, 3220), (3237, 3244), (3246, 3250), (3252, 3263), (3266, 3267), (3269, 3292), (3297, 3307), (3327, 3330), (3339, 3362), (3367, 3368), (3381, 3387), (3389, 3425), (3426, 3468), (3472, 3487), (3489, 3498), (3522, 3529), (3530, 3568), (3587, 3589), (3622, 3624), (3625, 3665), (3666, 3731), (3733, 3735), (3739, 3779), (3813, 3816), (3822, 3838), (3843, 3860), (3868, 3869), (3870, 3871), (3872, 3874), (3875, 3891), (3899, 3903), (3904, 3906), (3909, 3923), (3924, 3927), (3930, 3940), (3942, 3944), (3945, 3964), (3969, 3979), (3991, 3992), (4005, 4009), (4013, 4015), (4029, 4060), (4069, 4073), (4077, 4080), (4085, 4100), (4107, 4110), (4114, 4166), (4168, 4187), (4188, 4195), (4207, 4239), (4242, 4247), (4249, 4251), (4255, 4289), (4297, 4316), (4318, 4339), (4342, 4360), (4380, 4383), (4388, 4464), (4468, 4470), (4471, 4474), (4482, 4540), (4544, 4548), (4554, 4566), (4597, 4601), (4602, 4644), (4645, 4648), (4650, 4653), (4654, 4655), (4658, 4661), (4662, 4664), (4668, 4679), (4680, 4683), (4684, 4690), (4692, 4696), (4711, 4714), (4717, 4725), (4728, 4731), (4740, 4743), (4751, 4752), (4773, 4774), (4776, 4801), (4804, 4814), (4817, 4822), (4823, 4827), (4828, 4831), (4833, 4836), (4846, 4849), (4850, 4874), (4875, 4883), (4887, 4896), (4899, 4903), (4912, 4919), (4920, 4931), (4940, 4942), (4944, 4957), (4961, 4970), (4972, 4979), (4981, 4993), (4999, 5000), (5004, 5005), (5020, 5022), (5025, 5028), (5035, 5037), (5038, 5068), (5071, 5076), (5079, 5110), (5113, 5124), (5131, 5135), (5149, 5153), (5154, 5165), (5173, 5175), (5178, 5181), (5189, 5230), (5238, 5239), (5241, 5315), (5320, 5322), (5332, 5333), (5340, 5345), (5351, 5355), (5358, 5377), (5401, 5412), (5418, 5464), (5469, 5474), (5479, 5481), (5483, 5487), (5495, 5518), (5529, 5530), (5532, 5547), (5550, 5551), (5554, 5575), (5581, 5585), (5591, 5637), (5648, 5692), (5693, 5727), (5732, 5769), (5779, 5803), (5808, 5862), (5868, 5887), (5889, 5909), (5910, 5946)]
pred usage %: 71.0225361587622


Wei_BlindOracleD[0.010000]
switch_count: 14
pred_use: [(0, 2), (3, 5), (6, 7), (9, 10), (11, 16), (22, 25), (26, 36), (41, 5946)]
pred usage %: 99.71409350824084


ACEPS_TrustDoubt
pred usage %: 83.81180223285486


ACEPS_RobustFollowR[0.010000]
switch count: 346
pred_use: [(0, 233), (236, 531), (535, 541), (546, 547), (548, 641), (643, 715), (726, 749), (750, 751), (753, 804), (805, 905), (907, 913), (914, 975), (978, 1012), (1014, 1044), (1057, 1299), (1301, 1312), (1318, 1321), (1324, 1327), (1330, 1376), (1379, 1382), (1387, 1392), (1394, 1407), (1415, 1450), (1453, 1473), (1479, 1511), (1513, 1515), (1517, 1574), (1578, 1604), (1605, 1622), (1623, 1735), (1748, 1771), (1773, 1798), (1807, 1870), (1872, 1876), (1877, 1909), (1912, 1922), (1926, 1962), (1964, 1968), (1969, 1991), (1993, 2055), (2058, 2074), (2075, 2078), (2087, 2091), (2097, 2193), (2195, 2223), (2226, 2228), (2231, 2312), (2318, 2319), (2322, 2343), (2354, 2359), (2361, 2365), (2366, 2390), (2391, 2403), (2407, 2447), (2451, 2456), (2459, 2499), (2502, 2505), (2511, 2573), (2575, 2597), (2611, 2721), (2723, 2785), (2786, 2903), (2904, 2945), (2947, 2950), (2953, 2980), (2981, 3005), (3011, 3024), (3032, 3043), (3044, 3088), (3095, 3119), (3121, 3142), (3144, 3172), (3174, 3176), (3178, 3220), (3226, 3228), (3230, 3256), (3258, 3330), (3334, 3350), (3352, 3355), (3358, 3378), (3381, 3421), (3424, 3442), (3447, 3462), (3467, 3469), (3471, 3476), (3478, 3490), (3491, 3495), (3497, 3526), (3537, 3552), (3558, 3572), (3576, 3624), (3625, 3667), (3687, 3696), (3697, 3721), (3724, 3739), (3740, 3800), (3806, 3809), (3811, 3814), (3815, 3821), (3822, 3877), (3879, 3886), (3899, 3936), (3942, 4028), (4029, 4031), (4036, 4142), (4145, 4155), (4164, 4172), (4174, 4195), (4199, 4208), (4212, 4214), (4215, 4339), (4342, 4347), (4348, 4351), (4354, 4402), (4406, 4408), (4413, 4429), (4435, 4436), (4440, 4443), (4446, 4448), (4449, 4480), (4484, 4579), (4593, 4632), (4634, 4647), (4658, 4667), (4668, 4671), (4675, 4684), (4686, 4706), (4708, 4726), (4739, 4754), (4765, 4774), (4777, 4786), (4792, 4810), (4812, 4815), (4817, 4818), (4819, 4869), (4871, 4875), (4877, 4879), (4880, 4889), (4891, 4904), (4913, 4914), (4916, 4924), (4927, 4929), (4932, 4936), (4941, 4945), (4946, 4966), (4969, 5001), (5004, 5027), (5029, 5048), (5052, 5055), (5056, 5084), (5094, 5161), (5163, 5221), (5225, 5233), (5238, 5336), (5338, 5367), (5369, 5372), (5373, 5405), (5410, 5412), (5417, 5455), (5457, 5459), (5460, 5480), (5482, 5503), (5504, 5558), (5562, 5614), (5615, 5646), (5652, 5659), (5660, 5682), (5688, 5744), (5746, 5767), (5770, 5772), (5774, 5812), (5826, 5869), (5881, 5908), (5909, 5946)]
pred usage %: 88.86646485031955


ACEPS_RobustFollowD[0.010000]
switch_count: 12
pred_use: [(0, 2), (3, 5), (6, 7), (9, 10), (11, 16), (22, 25), (26, 5946)]
pred usage %: 99.79818365287588


###################################################################################################################
[3180 4108 3828 4286 4571 3199 3775 3919 3923 3985 3915 3979 3717 3759
 3553 3200]
3180


Maximum std dev among runs: 0.00000
Total competitive ratio (k=16):
                                      OPT: 1.000 0.465
                                      LRU: 1.292 0.309
                               OPTMarking: 1.204 0.356
                                   Marker: 1.348 0.279
                                     Rand: 1.437 0.231
                              ParrotCache: 1.006 0.462
                   FollowPredS+ParrotNext: 1.187 0.365
                 LV_PredMarker+ParrotNext: 1.232 0.341
               Rohatgi_LMarker+ParrotNext: 1.234 0.340
 Rohatgi_LNonMarkerR[0.010000]+ParrotNext: 1.253 0.330
 Rohatgi_LNonMarkerD[0.010000]+ParrotNext: 1.231 0.342
    Wei_BlindOracleR[0.010000]+ParrotNext: 1.251 0.331
    Wei_BlindOracleD[0.010000]+ParrotNext: 1.169 0.375
             ACEPS_TrustDoubt+ParrotCache: 1.182 0.368
ACEPS_RobustFollowR[0.010000]+ParrotCache: 1.117 0.402
ACEPS_RobustFollowD[0.010000]+ParrotCache: 1.006 0.462




MCF 1%


$ ./main.py all -k 16 -f parrot/od\ kuby/mcf__dagger\=false__fraction\=0.01/0/test-parsed-preds.pkl -d 1 -n 1


LV_PredMarker
marker pred %: 8.493104608139927


Rohatgi_LMarker
marker pred %: 8.476286579212916


Rohatgi_LNonMarkerR[0.010000]
marker pred %: 8.594012781701984
switch count: 190
pred_use: [(0, 557), (559, 581), (603, 669), (670, 758), (777, 927), (974, 975), (1015, 1070), (1074, 1115), (1142, 1145), (1146, 1347), (1355, 1465), (1477, 1555), (1557, 1570), (1578, 1592), (1598, 1778), (1783, 1898), (1899, 1944), (1945, 1953), (1958, 1997), (1998, 2054), (2055, 2070), (2071, 2193), (2195, 2201), (2230, 2389), (2397, 2417), (2418, 2485), (2498, 2620), (2651, 2887), (2900, 2918), (2919, 2982), (2999, 3242), (3245, 3251), (3253, 3268), (3276, 3314), (3315, 3369), (3375, 3377), (3381, 3385), (3388, 3391), (3393, 3394), (3407, 3525), (3530, 3744), (3764, 3817), (3820, 3824), (3842, 3843), (3885, 3894), (3898, 3903), (3906, 3909), (3913, 3915), (3917, 3921), (3923, 3932), (3933, 3935), (3943, 3947), (3949, 3971), (3975, 3976), (3985, 3988), (4036, 4037), (4077, 4175), (4183, 4228), (4254, 4295), (4297, 4340), (4350, 4436), (4445, 4512), (4518, 4579), (4584, 4588), (4591, 4596), (4598, 4600), (4606, 4609), (4611, 4615), (4616, 4661), (4677, 4714), (4721, 4822), (4828, 4831), (4841, 4898), (4901, 4920), (4921, 4957), (4969, 4975), (4979, 5017), (5019, 5054), (5056, 5060), (5078, 5219), (5270, 5315), (5328, 5377), (5396, 5480), (5508, 5512), (5516, 5519), (5522, 5527), (5531, 5534), (5535, 5567), (5569, 5573), (5575, 5607), (5615, 5668), (5672, 5693), (5703, 5705), (5708, 5710), (5715, 5717), (5725, 5946)]
pred usage %: 84.6619576185671


Rohatgi_LNonMarkerD[0.010000]
marker pred %: 8.509922637066936
switch_count: 10
pred_use: [(0, 2), (3, 5), (6, 7), (9, 10), (11, 16), (21, 5946)]
pred usage %: 99.8318197107299


Wei_BlindOracleR[0.010000]
switch count: 634
pred_use: [(0, 0), (41, 253), (256, 333), (342, 370), (376, 449), (450, 457), (459, 505), (507, 531), (535, 538), (546, 552), (556, 558), (575, 577), (592, 594), (606, 624), (625, 628), (637, 639), (643, 649), (656, 666), (685, 687), (689, 699), (706, 709), (713, 717), (726, 727), (731, 758), (763, 768), (771, 782), (788, 791), (793, 882), (884, 901), (904, 919), (921, 934), (939, 941), (946, 950), (956, 958), (959, 968), (973, 977), (996, 1015), (1016, 1030), (1031, 1034), (1035, 1058), (1062, 1064), (1069, 1070), (1080, 1086), (1093, 1095), (1096, 1101), (1107, 1126), (1131, 1140), (1142, 1170), (1175, 1176), (1186, 1191), (1207, 1248), (1252, 1265), (1270, 1289), (1290, 1334), (1339, 1368), (1375, 1376), (1379, 1380), (1391, 1395), (1406, 1438), (1444, 1469), (1477, 1484), (1493, 1501), (1505, 1507), (1509, 1510), (1517, 1519), (1537, 1542), (1545, 1551), (1578, 1621), (1624, 1634), (1635, 1639), (1655, 1660), (1662, 1690), (1714, 1734), (1748, 1751), (1761, 1784), (1797, 1817), (1820, 1822), (1834, 1839), (1841, 1849), (1854, 1882), (1883, 1907), (1913, 1930), (1933, 1935), (1939, 1956), (1964, 1977), (1978, 2006), (2017, 2028), (2035, 2045), (2058, 2070), (2073, 2075), (2076, 2086), (2087, 2100), (2116, 2121), (2130, 2133), (2142, 2143), (2152, 2155), (2163, 2175), (2186, 2192), (2194, 2357), (2359, 2373), (2374, 2384), (2397, 2410), (2411, 2416), (2418, 2420), (2432, 2437), (2464, 2466), (2468, 2471), (2473, 2478), (2483, 2484), (2490, 2491), (2495, 2510), (2512, 2521), (2538, 2542), (2557, 2558), (2560, 2564), (2577, 2581), (2584, 2587), (2596, 2602), (2612, 2620), (2622, 2626), (2638, 2650), (2651, 2664), (2667, 2671), (2688, 2692), (2697, 2708), (2710, 2712), (2718, 2722), (2726, 2733), (2742, 2746), (2749, 2756), (2759, 2781), (2788, 2791), (2801, 2804), (2810, 2817), (2830, 2834), (2836, 2841), (2854, 2876), (2884, 2914), (2917, 2927), (2928, 2929), (2932, 2958), (2960, 2968), (2969, 2970), (2997, 2999), (3000, 3001), (3004, 3019), (3023, 3057), (3063, 3065), (3068, 3069), (3070, 3073), (3104, 3120), (3121, 3133), (3134, 3141), (3150, 3153), (3154, 3157), (3162, 3166), (3174, 3177), (3191, 3195), (3205, 3209), (3210, 3214), (3226, 3229), (3231, 3237), (3238, 3244), (3245, 3249), (3260, 3262), (3268, 3278), (3298, 3304), (3314, 3335), (3339, 3345), (3347, 3350), (3352, 3355), (3367, 3368), (3381, 3387), (3391, 3429), (3447, 3448), (3458, 3461), (3472, 3480), (3492, 3498), (3499, 3503), (3514, 3515), (3522, 3529), (3537, 3545), (3558, 3560), (3561, 3565), (3567, 3568), (3571, 3573), (3575, 3582), (3619, 3623), (3625, 3631), (3635, 3642), (3648, 3654), (3660, 3663), (3666, 3680), (3687, 3694), (3710, 3714), (3720, 3722), (3738, 3744), (3747, 3754), (3764, 3773), (3774, 3787), (3799, 3805), (3819, 3820), (3822, 3830), (3867, 3871), (3875, 3876), (3885, 3891), (3893, 3894), (3907, 3914), (3942, 3944), (3945, 3949), (3952, 3964), (3967, 3979), (3986, 3988), (3991, 3992), (4008, 4015), (4027, 4060), (4072, 4073), (4077, 4078), (4085, 4089), (4105, 4110), (4126, 4133), (4135, 4140), (4149, 4165), (4168, 4178), (4188, 4194), (4199, 4200), (4209, 4210), (4226, 4247), (4274, 4279), (4280, 4292), (4297, 4331), (4333, 4339), (4348, 4357), (4382, 4393), (4395, 4408), (4425, 4438), (4445, 4447), (4449, 4459), (4462, 4463), (4471, 4474), (4492, 4495), (4508, 4511), (4518, 4520), (4539, 4540), (4544, 4553), (4554, 4563), (4565, 4576), (4577, 4582), (4602, 4606), (4609, 4610), (4614, 4648), (4658, 4661), (4666, 4679), (4680, 4689), (4699, 4705), (4711, 4725), (4726, 4744), (4765, 4788), (4792, 4795), (4817, 4825), (4828, 4831), (4841, 4845), (4846, 4849), (4859, 4868), (4877, 4883), (4891, 4898), (4902, 4903), (4917, 4918), (4921, 4926), (4940, 4942), (4947, 4957), (4981, 4983), (5004, 5005), (5019, 5028), (5032, 5035), (5036, 5051), (5056, 5061), (5067, 5113), (5133, 5135), (5154, 5165), (5186, 5195), (5200, 5212), (5226, 5230), (5242, 5244), (5249, 5252), (5253, 5260), (5270, 5271), (5272, 5313), (5328, 5333), (5353, 5354), (5358, 5381), (5396, 5401), (5409, 5424), (5437, 5464), (5483, 5487), (5493, 5498), (5502, 5517), (5546, 5547), (5553, 5565), (5567, 5575), (5576, 5578), (5579, 5582), (5583, 5585), (5587, 5598), (5615, 5617), (5633, 5635), (5636, 5648), (5652, 5687), (5693, 5704), (5707, 5756), (5758, 5769), (5779, 5781), (5787, 5801), (5808, 5843), (5853, 5859), (5868, 5889), (5905, 5909), (5928, 5946)]
pred usage %: 57.88765556676758


Wei_BlindOracleD[0.010000]
switch_count: 39
pred_use: [(0, 2), (3, 5), (6, 7), (9, 10), (11, 16), (22, 25), (26, 36), (41, 3594), (3598, 3659), (3675, 3731), (3757, 3807), (3843, 3880), (3928, 3953), (4014, 4025), (4098, 4101), (4176, 4181), (4259, 4267), (4337, 4345), (4425, 4442), (4522, 4526)]
pred usage %: 64.95122771611167


ACEPS_TrustDoubt
pred usage %: 83.80952380952381


ACEPS_RobustFollowR[0.010000]
switch count: 417
pred_use: [(0, 192), (200, 247), (251, 260), (262, 333), (336, 365), (366, 370), (371, 531), (535, 541), (546, 577), (589, 594), (606, 648), (656, 668), (676, 758), (762, 768), (769, 809), (810, 838), (861, 864), (869, 922), (923, 935), (939, 945), (946, 962), (965, 968), (973, 977), (996, 1021), (1022, 1051), (1057, 1063), (1065, 1067), (1069, 1140), (1141, 1167), (1175, 1213), (1215, 1255), (1258, 1265), (1266, 1289), (1293, 1334), (1339, 1347), (1353, 1371), (1375, 1376), (1379, 1439), (1444, 1484), (1493, 1504), (1505, 1519), (1537, 1542), (1545, 1570), (1578, 1596), (1598, 1621), (1624, 1641), (1647, 1676), (1677, 1684), (1687, 1771), (1773, 1813), (1814, 1898), (1901, 1930), (1931, 1936), (1941, 1951), (1953, 1958), (1964, 1970), (1975, 2164), (2169, 2238), (2244, 2312), (2314, 2317), (2322, 2335), (2336, 2367), (2368, 2398), (2400, 2407), (2414, 2415), (2417, 2421), (2424, 2428), (2430, 2443), (2462, 2463), (2464, 2471), (2473, 2487), (2490, 2539), (2557, 2564), (2566, 2573), (2575, 2587), (2591, 2683), (2685, 2691), (2697, 2702), (2703, 2721), (2723, 2770), (2772, 2785), (2790, 2792), (2801, 2874), (2877, 2878), (2879, 2880), (2884, 2895), (2900, 2930), (2932, 2998), (2999, 3073), (3074, 3083), (3087, 3092), (3095, 3103), (3104, 3136), (3137, 3163), (3164, 3188), (3191, 3194), (3197, 3201), (3205, 3214), (3231, 3244), (3246, 3279), (3283, 3325), (3329, 3335), (3336, 3343), (3347, 3350), (3358, 3376), (3381, 3387), (3389, 3461), (3472, 3498), (3516, 3532), (3536, 3544), (3547, 3550), (3557, 3568), (3571, 3623), (3625, 3658), (3660, 3667), (3674, 3698), (3703, 3746), (3750, 3780), (3781, 3816), (3817, 3848), (3851, 3892), (3894, 3898), (3899, 3909), (3913, 3944), (3945, 3960), (3969, 3980), (3981, 4022), (4025, 4037), (4040, 4042), (4045, 4047), (4049, 4052), (4055, 4091), (4092, 4146), (4149, 4175), (4177, 4201), (4203, 4216), (4226, 4245), (4249, 4257), (4259, 4261), (4263, 4265), (4267, 4273), (4280, 4292), (4294, 4300), (4304, 4314), (4315, 4339), (4342, 4383), (4391, 4472), (4479, 4493), (4508, 4561), (4562, 4564), (4565, 4567), (4574, 4628), (4629, 4635), (4641, 4693), (4699, 4700), (4702, 4725), (4728, 4743), (4751, 4761), (4765, 4790), (4792, 4820), (4823, 4824), (4828, 4829), (4846, 4849), (4856, 4861), (4867, 4869), (4877, 4883), (4887, 4898), (4913, 4935), (4940, 4942), (4946, 4957), (4965, 4993), (4995, 5000), (5004, 5005), (5008, 5017), (5020, 5028), (5032, 5045), (5059, 5103), (5108, 5136), (5139, 5144), (5149, 5153), (5154, 5161), (5163, 5305), (5308, 5312), (5314, 5362), (5365, 5369), (5372, 5377), (5378, 5455), (5457, 5459), (5460, 5480), (5483, 5513), (5529, 5589), (5591, 5649), (5652, 5653), (5656, 5662), (5665, 5668), (5672, 5676), (5678, 5690), (5693, 5719), (5724, 5733), (5746, 5767), (5779, 5788), (5789, 5793), (5795, 5798), (5801, 5804), (5808, 5834), (5835, 5906), (5925, 5929), (5931, 5935), (5937, 5942)]
pred usage %: 84.3087790110999


ACEPS_RobustFollowD[0.010000]
switch_count: 14
pred_use: [(0, 2), (3, 5), (6, 7), (9, 10), (11, 16), (22, 25), (26, 36), (41, 5946)]
pred usage %: 99.71409350824084


###################################################################################################################
[3180 4108 3828 4285 4589 3383 4198 3926 3932 3989 3923 4176 4055 3794
 3719 3386]
3180


Maximum std dev among runs: 0.00000
Total competitive ratio (k=16):
                                      OPT: 1.000 0.465
                                      LRU: 1.292 0.309
                               OPTMarking: 1.204 0.356
                                   Marker: 1.347 0.279
                                     Rand: 1.443 0.228
                              ParrotCache: 1.064 0.431
                   FollowPredS+ParrotNext: 1.320 0.294
                 LV_PredMarker+ParrotNext: 1.235 0.340
               Rohatgi_LMarker+ParrotNext: 1.236 0.339
 Rohatgi_LNonMarkerR[0.010000]+ParrotNext: 1.254 0.329
 Rohatgi_LNonMarkerD[0.010000]+ParrotNext: 1.234 0.340
    Wei_BlindOracleR[0.010000]+ParrotNext: 1.313 0.298
    Wei_BlindOracleD[0.010000]+ParrotNext: 1.275 0.318
             ACEPS_TrustDoubt+ParrotCache: 1.193 0.362
ACEPS_RobustFollowR[0.010000]+ParrotCache: 1.169 0.375
ACEPS_RobustFollowD[0.010000]+ParrotCache: 1.065 0.431




MCF 0.01%


$ ./main.py all -k 16 -f parrot/od\ kuby/mcf__dagger\=true__fraction\=0.0001/0/test-parsed-preds.pkl -d 1 -n 1
FollowPredS


LV_PredMarker
marker pred %: 6.458123107971746


Rohatgi_LMarker
marker pred %: 6.458123107971746


Rohatgi_LNonMarkerR[0.010000]
marker pred %: 6.777665657584931
switch count: 263
pred_use: [(0, 0), (58, 66), (68, 76), (125, 126), (167, 168), (241, 259), (274, 332), (363, 365), (400, 401), (405, 420), (479, 516), (527, 556), (624, 639), (685, 689), (703, 709), (758, 759), (788, 793), (797, 819), (835, 837), (850, 869), (902, 938), (977, 981), (1034, 1036), (1154, 1163), (1168, 1217), (1318, 1329), (1353, 1355), (1434, 1444), (1472, 1489), (1529, 1555), (1591, 1592), (1613, 1660), (1693, 1707), (1716, 1784), (1804, 1807), (1823, 1826), (1864, 1897), (1899, 1911), (1917, 1944), (1975, 2004), (2011, 2039), (2191, 2193), (2200, 2212), (2227, 2228), (2252, 2253), (2269, 2284), (2310, 2312), (2357, 2359), (2364, 2366), (2368, 2370), (2391, 2393), (2397, 2416), (2432, 2446), (2454, 2458), (2504, 2566), (2577, 2620), (2621, 2660), (2684, 2751), (2759, 2766), (2772, 2780), (2834, 2843), (2916, 2917), (2936, 2944), (2996, 2997), (2999, 3001), (3070, 3076), (3090, 3105), (3135, 3153), (3193, 3218), (3236, 3241), (3257, 3260), (3268, 3271), (3276, 3277), (3303, 3304), (3325, 3327), (3389, 3407), (3426, 3458), (3509, 3520), (3543, 3576), (3581, 3604), (3614, 3637), (3648, 3661), (3664, 3732), (3737, 3775), (3794, 3795), (3817, 3831), (3832, 3843), (3847, 3850), (3871, 3872), (3890, 3892), (3918, 3931), (3943, 3949), (4046, 4077), (4092, 4099), (4148, 4153), (4171, 4174), (4184, 4199), (4200, 4202), (4207, 4220), (4255, 4262), (4299, 4388), (4419, 4454), (4478, 4480), (4482, 4495), (4511, 4518), (4539, 4553), (4570, 4576), (4577, 4597), (4617, 4630), (4646, 4651), (4683, 4702), (4881, 4882), (4898, 4905), (4919, 4926), (4940, 4995), (5017, 5019), (5039, 5078), (5091, 5109), (5110, 5112), (5189, 5210), (5242, 5274), (5290, 5302), (5303, 5321), (5364, 5417), (5453, 5461), (5593, 5619), (5620, 5633), (5667, 5688), (5724, 5725), (5789, 5802), (5860, 5907), (5910, 5911)]
pred usage %: 35.317860746720484


Rohatgi_LNonMarkerD[0.010000]
marker pred %: 6.84493777329297
switch_count: 295
pred_use: [(0, 2), (3, 5), (6, 7), (9, 10), (11, 16), (41, 42), (43, 44), (45, 108), (110, 112), (115, 118), (119, 121), (122, 126), (127, 129), (151, 152), (153, 154), (155, 157), (159, 212), (214, 216), (217, 219), (220, 254), (258, 260), (263, 264), (267, 268), (271, 272), (277, 278), (281, 282), (285, 286), (289, 290), (293, 294), (298, 299), (302, 303), (307, 308), (311, 313), (316, 317), (321, 322), (327, 328), (332, 334), (339, 342), (344, 348), (350, 356), (360, 364), (366, 371), (375, 378), (383, 385), (392, 393), (398, 401), (407, 408), (414, 415), (427, 429), (435, 436), (444, 445), (454, 455), (460, 464), (471, 473), (490, 493), (504, 505), (512, 515), (520, 523), (529, 533), (540, 543), (549, 555), (562, 566), (572, 576), (585, 589), (597, 605), (610, 614), (621, 624), (631, 636), (644, 647), (656, 660), (672, 676), (684, 690), (700, 704), (715, 721), (731, 736), (745, 749), (761, 767), (774, 784), (790, 803), (806, 819), (825, 836), (844, 853), (862, 868), (878, 886), (893, 902), (913, 921), (929, 940), (954, 963), (973, 984), (991, 1002), (1008, 1019), (1029, 1041), (1051, 1063), (1075, 1083), (1098, 1110), (1125, 1132), (1148, 1151), (1169, 1174), (1198, 1204), (1220, 1230), (1245, 1252), (1270, 1283), (1304, 1313), (1327, 1337), (1354, 1364), (1380, 1388), (1404, 1414), (1431, 1439), (1459, 1463), (1490, 1493), (1522, 1525), (1560, 1561), (1589, 1593), (1655, 1656), (1687, 1688), (1722, 1725), (1756, 1759), (1790, 1795), (1832, 1838), (1867, 1873), (1900, 1909), (1936, 1948), (1976, 1985), (2016, 2027), (2056, 2064), (2093, 2103), (2138, 2148), (2183, 2188), (2228, 2235), (2270, 2279), (2318, 2323), (2358, 2367), (2419, 2425), (2475, 2477), (2589, 2595), (2652, 2657), (2711, 2724), (2769, 2782), (2836, 2845), (2895, 2903), (2960, 2972), (3024, 3032), (3092, 3097), (3153, 3160), (3231, 3235), (3302, 3304), (3784, 3789), (4449, 4450)]
pred usage %: 14.883955600403633


Wei_BlindOracleR[0.010000]
switch count: 525
pred_use: [(0, 21), (35, 37), (41, 45), (58, 59), (60, 66), (74, 75), (78, 82), (103, 108), (122, 123), (139, 142), (151, 157), (163, 166), (203, 211), (218, 223), (256, 257), (262, 333), (371, 373), (394, 397), (426, 428), (443, 449), (512, 514), (515, 531), (599, 600), (606, 608), (658, 659), (662, 664), (692, 699), (735, 737), (741, 748), (769, 772), (803, 807), (816, 820), (821, 824), (826, 827), (870, 871), (877, 882), (903, 904), (939, 941), (978, 979), (980, 981), (1027, 1030), (1042, 1046), (1104, 1105), (1113, 1114), (1124, 1126), (1141, 1143), (1169, 1170), (1177, 1179), (1181, 1182), (1187, 1191), (1193, 1197), (1210, 1217), (1234, 1235), (1264, 1265), (1278, 1279), (1293, 1294), (1297, 1298), (1318, 1320), (1344, 1347), (1403, 1405), (1406, 1410), (1418, 1423), (1443, 1456), (1472, 1481), (1507, 1510), (1527, 1528), (1541, 1542), (1553, 1557), (1595, 1597), (1613, 1621), (1622, 1627), (1654, 1659), (1662, 1665), (1687, 1691), (1714, 1716), (1747, 1748), (1773, 1780), (1789, 1792), (1800, 1801), (1827, 1828), (1844, 1847), (1885, 1890), (1913, 1915), (1958, 1966), (1980, 1982), (2018, 2023), (2029, 2031), (2040, 2047), (2073, 2084), (2126, 2128), (2172, 2174), (2181, 2182), (2190, 2191), (2253, 2254), (2293, 2294), (2332, 2334), (2338, 2340), (2354, 2357), (2390, 2392), (2405, 2406), (2411, 2414), (2436, 2437), (2459, 2461), (2489, 2498), (2499, 2500), (2526, 2528), (2534, 2540), (2547, 2550), (2565, 2566), (2567, 2570), (2575, 2576), (2584, 2587), (2611, 2613), (2632, 2634), (2638, 2639), (2644, 2647), (2652, 2653), (2671, 2673), (2685, 2690), (2720, 2722), (2769, 2772), (2773, 2776), (2785, 2789), (2805, 2807), (2816, 2817), (2819, 2822), (2836, 2838), (2853, 2857), (2862, 2868), (2879, 2882), (2903, 2904), (2921, 2922), (2937, 2939), (2950, 2952), (2978, 2979), (2998, 2999), (3012, 3016), (3020, 3021), (3033, 3035), (3045, 3047), (3055, 3056), (3071, 3073), (3086, 3090), (3124, 3128), (3176, 3177), (3204, 3206), (3240, 3244), (3253, 3255), (3272, 3273), (3300, 3304), (3350, 3351), (3358, 3361), (3363, 3374), (3375, 3376), (3381, 3386), (3388, 3390), (3398, 3461), (3480, 3484), (3505, 3511), (3530, 3532), (3537, 3542), (3547, 3549), (3557, 3565), (3570, 3573), (3581, 3582), (3611, 3617), (3637, 3639), (3647, 3648), (3664, 3676), (3693, 3694), (3700, 3701), (3718, 3722), (3753, 3754), (3762, 3763), (3781, 3782), (3793, 3795), (3806, 3810), (3842, 3845), (3866, 3870), (3894, 3897), (3917, 3920), (3921, 3922), (3928, 3931), (3947, 3949), (3957, 3959), (3981, 3983), (4001, 4002), (4022, 4023), (4025, 4027), (4047, 4048), (4075, 4078), (4087, 4089), (4098, 4099), (4101, 4102), (4119, 4121), (4128, 4131), (4145, 4147), (4150, 4151), (4177, 4178), (4185, 4187), (4227, 4230), (4239, 4241), (4267, 4272), (4299, 4301), (4336, 4339), (4379, 4390), (4398, 4399), (4424, 4429), (4443, 4451), (4468, 4469), (4492, 4495), (4526, 4528), (4570, 4573), (4579, 4582), (4596, 4597), (4668, 4674), (4691, 4694), (4721, 4724), (4747, 4748), (4753, 4756), (4783, 4787), (4844, 4845), (4861, 4864), (4866, 4868), (4899, 4901), (4906, 4907), (4912, 4917), (4936, 4939), (4941, 4942), (4955, 4957), (4978, 4982), (5043, 5044), (5062, 5064), (5094, 5099), (5136, 5138), (5187, 5193), (5231, 5240), (5262, 5268), (5312, 5313), (5316, 5321), (5334, 5335), (5365, 5368), (5404, 5405), (5465, 5469), (5478, 5481), (5512, 5515), (5558, 5563), (5573, 5574), (5588, 5592), (5652, 5655), (5665, 5667), (5680, 5702), (5703, 5704), (5715, 5716), (5749, 5751), (5765, 5766), (5784, 5785), (5798, 5801), (5803, 5804), (5851, 5856), (5864, 5870), (5931, 5933), (5935, 5936)]
pred usage %: 15.893037336024218


Wei_BlindOracleD[0.010000]
switch_count: 9
pred_use: [(0, 2), (3, 5), (6, 7), (9, 10), (11, 16)]
pred usage %: 0.1849983181971073


ACEPS_TrustDoubt
pred usage %: 80.67597354886114


ACEPS_RobustFollowR[0.010000]
switch count: 431
pred_use: [(0, 0), (214, 223), (324, 326), (328, 335), (357, 363), (377, 386), (572, 582), (599, 603), (676, 679), (728, 734), (798, 799), (870, 871), (936, 937), (977, 979), (1051, 1055), (1056, 1059), (1098, 1100), (1139, 1150), (1209, 1218), (1236, 1238), (1240, 1244), (1249, 1252), (1264, 1265), (1285, 1287), (1299, 1302), (1321, 1326), (1327, 1329), (1387, 1395), (1423, 1424), (1435, 1438), (1457, 1462), (1485, 1486), (1504, 1512), (1515, 1519), (1526, 1529), (1572, 1575), (1632, 1634), (1660, 1661), (1693, 1705), (1711, 1714), (1731, 1734), (1781, 1782), (1806, 1812), (1823, 1828), (1840, 1841), (1899, 1903), (1909, 1915), (1931, 1933), (1947, 1952), (2007, 2010), (2017, 2031), (2035, 2039), (2080, 2084), (2095, 2099), (2114, 2115), (2129, 2132), (2144, 2147), (2162, 2165), (2176, 2178), (2221, 2225), (2274, 2277), (2286, 2287), (2334, 2340), (2370, 2373), (2432, 2435), (2436, 2441), (2472, 2498), (2499, 2500), (2503, 2508), (2512, 2516), (2524, 2528), (2552, 2561), (2611, 2613), (2638, 2643), (2660, 2670), (2683, 2690), (2694, 2701), (2721, 2722), (2729, 2732), (2738, 2743), (2762, 2763), (2802, 2804), (2812, 2814), (2849, 2851), (2883, 2886), (2937, 2939), (2942, 2944), (2956, 2959), (2993, 2995), (2996, 2997), (3027, 3028), (3072, 3077), (3084, 3085), (3087, 3090), (3121, 3123), (3124, 3128), (3142, 3144), (3153, 3165), (3174, 3175), (3176, 3177), (3191, 3195), (3213, 3215), (3231, 3234), (3236, 3237), (3239, 3249), (3260, 3267), (3269, 3270), (3297, 3299), (3309, 3312), (3342, 3345), (3350, 3351), (3457, 3458), (3486, 3487), (3500, 3503), (3505, 3511), (3525, 3533), (3550, 3555), (3579, 3580), (3592, 3626), (3637, 3640), (3647, 3650), (3674, 3676), (3707, 3711), (3717, 3724), (3745, 3752), (3754, 3761), (3767, 3769), (3792, 3794), (3808, 3810), (3814, 3817), (3824, 3826), (3833, 3847), (3850, 3855), (3871, 3872), (3916, 3922), (3950, 3954), (4011, 4015), (4117, 4119), (4154, 4161), (4185, 4190), (4191, 4199), (4218, 4220), (4225, 4230), (4239, 4241), (4263, 4264), (4320, 4332), (4355, 4360), (4408, 4414), (4415, 4417), (4422, 4423), (4428, 4430), (4436, 4438), (4448, 4451), (4470, 4473), (4518, 4522), (4529, 4534), (4541, 4542), (4563, 4568), (4579, 4582), (4634, 4640), (4641, 4644), (4645, 4646), (4650, 4651), (4680, 4683), (4684, 4685), (4698, 4702), (4711, 4714), (4738, 4741), (4757, 4765), (4790, 4795), (4801, 4805), (4815, 4816), (4844, 4845), (4854, 4860), (4901, 4904), (4912, 4917), (4920, 4921), (4987, 4988), (4994, 4995), (5012, 5013), (5017, 5020), (5021, 5026), (5043, 5044), (5048, 5051), (5076, 5081), (5088, 5090), (5098, 5099), (5113, 5120), (5121, 5122), (5125, 5128), (5209, 5210), (5221, 5224), (5233, 5240), (5252, 5257), (5268, 5293), (5308, 5311), (5341, 5343), (5365, 5368), (5383, 5385), (5395, 5396), (5418, 5424), (5451, 5458), (5459, 5460), (5645, 5648), (5652, 5661), (5708, 5709), (5727, 5735), (5757, 5767), (5772, 5774), (5831, 5833), (5851, 5857), (5859, 5861), (5862, 5863), (5901, 5904), (5905, 5907), (5931, 5934)]
pred usage %: 14.749411368987555


ACEPS_RobustFollowD[0.010000]
switch_count: 9
pred_use: [(0, 2), (3, 5), (6, 7), (9, 10), (11, 16)]
pred usage %: 0.1849983181971073


###################################################################################################################
[3180 4108 3828 4270 4590 5428 5795 4296 4300 4297 4302 4411 4108 5262
 4454 4273]
3180


Maximum std dev among runs: 0.00000
Total competitive ratio (k=16):
                                      OPT: 1.000 0.465
                                      LRU: 1.292 0.309
                               OPTMarking: 1.204 0.356
                                   Marker: 1.343 0.282
                                     Rand: 1.443 0.228
                              ParrotCache: 1.707 0.087
                   FollowPredS+ParrotNext: 1.822 0.025
                 LV_PredMarker+ParrotNext: 1.351 0.277
               Rohatgi_LMarker+ParrotNext: 1.352 0.277
 Rohatgi_LNonMarkerR[0.010000]+ParrotNext: 1.351 0.277
 Rohatgi_LNonMarkerD[0.010000]+ParrotNext: 1.353 0.276
    Wei_BlindOracleR[0.010000]+ParrotNext: 1.387 0.258
    Wei_BlindOracleD[0.010000]+ParrotNext: 1.292 0.309
             ACEPS_TrustDoubt+ParrotCache: 1.655 0.115
ACEPS_RobustFollowR[0.010000]+ParrotCache: 1.401 0.251
ACEPS_RobustFollowD[0.010000]+ParrotCache: 1.344 0.281




CACTUS 100%


$ ./main.py all -k 16 -f parrot/od\ kuby/cactusadm__dagger\=false__fraction\=1/0/test-parsed-preds.pkl -d 1 -n 1


LV_PredMarker
marker pred %: 10.945273631840797


Rohatgi_LMarker
marker pred %: 10.945273631840797


Rohatgi_LNonMarkerR[0.010000]
marker pred %: 10.945273631840797
switch count: 0
pred_use: [(0, 402)]
pred usage %: 100.0


Rohatgi_LNonMarkerD[0.010000]
marker pred %: 10.945273631840797
switch_count: 14
pred_use: [(0, 2), (3, 5), (6, 7), (9, 10), (11, 14), (18, 21), (22, 28), (30, 402)]
pred usage %: 97.01492537313433


Wei_BlindOracleR[0.010000]
switch count: 6
pred_use: [(0, 0), (23, 77), (79, 190), (192, 402)]
pred usage %: 93.28358208955224


Wei_BlindOracleD[0.010000]
switch_count: 12
pred_use: [(0, 2), (3, 5), (6, 7), (9, 10), (11, 14), (18, 21), (22, 402)]
pred usage %: 97.51243781094527


ACEPS_TrustDoubt
pred usage %: 66.12021857923497


ACEPS_RobustFollowR[0.010000]
switch count: 8
pred_use: [(0, 115), (120, 141), (142, 284), (286, 328), (329, 402)]
pred usage %: 97.76119402985074


ACEPS_RobustFollowD[0.010000]
switch_count: 14
pred_use: [(0, 2), (3, 5), (6, 7), (9, 10), (11, 14), (18, 21), (22, 28), (30, 402)]
pred usage %: 97.01492537313433


###################################################################################################################
[265 402 380 396 380 265 312 383 383 384 384 316 314 366 274 269]
265


Maximum std dev among runs: 0.00000
Total competitive ratio (k=16):
                                      OPT: 1.000 0.341
                                      LRU: 1.517 0.000
                               OPTMarking: 1.434 0.055
                                   Marker: 1.494 0.015
                                     Rand: 1.434 0.055
                              ParrotCache: 1.000 0.341
                   FollowPredS+ParrotNext: 1.177 0.224
                 LV_PredMarker+ParrotNext: 1.445 0.047
               Rohatgi_LMarker+ParrotNext: 1.445 0.047
 Rohatgi_LNonMarkerR[0.010000]+ParrotNext: 1.449 0.045
 Rohatgi_LNonMarkerD[0.010000]+ParrotNext: 1.449 0.045
    Wei_BlindOracleR[0.010000]+ParrotNext: 1.192 0.214
    Wei_BlindOracleD[0.010000]+ParrotNext: 1.185 0.219
             ACEPS_TrustDoubt+ParrotCache: 1.381 0.090
ACEPS_RobustFollowR[0.010000]+ParrotCache: 1.034 0.318
ACEPS_RobustFollowD[0.010000]+ParrotCache: 1.015 0.331




CACTUS 1%


$ ./main.py all -k 16 -f parrot/od\ kuby/cactusadm__dagger\=false__fraction\=0.01/0/test-parsed-preds.pkl -d 1 -n 1


LV_PredMarker
marker pred %: 7.213930348258707


Rohatgi_LMarker
marker pred %: 7.213930348258707


Rohatgi_LNonMarkerR[0.010000]
marker pred %: 7.462686567164179
switch count: 6
pred_use: [(0, 0), (131, 189), (236, 270), (391, 402)]
pred usage %: 25.621890547263682


Rohatgi_LNonMarkerD[0.010000]
marker pred %: 7.213930348258707
switch_count: 138
pred_use: [(0, 2), (3, 5), (6, 7), (9, 10), (11, 14), (18, 21), (22, 28), (30, 32), (33, 34), (35, 36), (38, 39), (41, 44), (48, 54), (59, 60), (106, 107), (108, 109), (110, 111), (112, 113), (114, 115), (116, 118), (119, 120), (121, 122), (123, 125), (126, 127), (128, 129), (131, 132), (133, 135), (136, 137), (139, 140), (141, 143), (144, 145), (147, 148), (150, 151), (153, 154), (156, 157), (159, 160), (162, 163), (165, 167), (168, 170), (172, 173), (175, 177), (178, 180), (182, 184), (186, 187), (189, 191), (193, 195), (197, 199), (201, 203), (205, 207), (209, 212), (213, 216), (217, 220), (221, 224), (226, 229), (230, 233), (235, 248), (249, 253), (254, 258), (259, 263), (264, 279), (280, 290), (291, 296), (297, 327), (328, 340), (341, 347), (348, 361), (362, 368), (369, 375), (376, 383), (384, 402)]
pred usage %: 62.93532338308458


Wei_BlindOracleR[0.010000]
switch count: 8
pred_use: [(0, 69), (73, 105), (110, 218), (219, 390), (397, 402)]
pred usage %: 95.77114427860697


Wei_BlindOracleD[0.010000]
switch_count: 12
pred_use: [(0, 2), (3, 5), (6, 7), (9, 10), (11, 14), (18, 21), (22, 402)]
pred usage %: 97.51243781094527


ACEPS_TrustDoubt
pred usage %: 79.79274611398964


ACEPS_RobustFollowR[0.010000]
switch count: 8
pred_use: [(0, 69), (73, 105), (111, 189), (192, 246), (249, 402)]
pred usage %: 96.01990049751244


ACEPS_RobustFollowD[0.010000]
switch_count: 14
pred_use: [(0, 2), (3, 5), (6, 7), (9, 10), (11, 14), (18, 21), (22, 28), (30, 402)]
pred usage %: 97.01492537313433


###################################################################################################################
[265 402 380 397 385 330 374 393 393 395 394 377 376 386 345 332]
265


Maximum std dev among runs: 0.00000
Total competitive ratio (k=16):
                                      OPT: 1.000 0.341
                                      LRU: 1.517 0.000
                               OPTMarking: 1.434 0.055
                                   Marker: 1.498 0.012
                                     Rand: 1.453 0.042
                              ParrotCache: 1.245 0.179
                   FollowPredS+ParrotNext: 1.411 0.070
                 LV_PredMarker+ParrotNext: 1.483 0.022
               Rohatgi_LMarker+ParrotNext: 1.483 0.022
 Rohatgi_LNonMarkerR[0.010000]+ParrotNext: 1.491 0.017
 Rohatgi_LNonMarkerD[0.010000]+ParrotNext: 1.487 0.020
    Wei_BlindOracleR[0.010000]+ParrotNext: 1.423 0.062
    Wei_BlindOracleD[0.010000]+ParrotNext: 1.419 0.065
             ACEPS_TrustDoubt+ParrotCache: 1.457 0.040
ACEPS_RobustFollowR[0.010000]+ParrotCache: 1.302 0.142
ACEPS_RobustFollowD[0.010000]+ParrotCache: 1.253 0.174